[0,0] [1,7] [1,3] [1,3] [0,4] [1,0]
1

[0,0] [2,4] [3,1] [6,7] [3,6] [2,2]
1

[0,0] [3,6] [1,5] [8,8] [0,6] [8,5]
2

[0,0] [3,6] [1,5] [8,8] [0,6] [8,5]
2

[0,0] [2,4] [3,1] [6,7] [3,6] [2,2]
1

[0,0] [8,6] [6,5] [4,5] [7,8] [0,0]
2

[0,0] [5,0] [2,1] [7,2] [6,3] [0,0]
2

[0,0] [1,7] [1,3] [1,3] [0,4] [1,0]
2
//5

[0,0] [8,8] [1,5] [3,4] [4,5] [0,1]
2

[0,0] [2,1] [3,2] [6,4] [8,0] [0,6]
2
//fuck

[0,0] [4,7] [7,7] [6,4] [8,8] [0,6]
2
// hard case

[0,0] [4,7] [3,2] [6,4] [8,7] [0,6]
2
// standard

[0,0] [4,7] [7,7] [6,4] [8,8] [0,6]
2
// hard case

[0,0] [2,6] [7,7] [6,4] [8,8] [0,6]
1
//one more test with kraken

[0,0] [2,4] [3,3] [7,5] [5,8] [2,2]
2
//Тест от Жорислава

[0,0] [4,5] [5,7] [0,8] [6,6] [0,1]
2
// kek - null pointer exception ?

[0,0] [0,4] [4,4] [7,6] [1,0] [0,7]
2
// easy